n_DG=0.000167
n_ADA=0.00014
s_DG=0.56
s_ADA=0.56
nbIterMax=100000